10
21 16312
132 154
132 154
132 154
132 154
132 154
132 154
132 154
132 154
132 154
132 154
132 154
132 154
132 154
132 154
132 154
132 154
132 154
132 154
132 154
132 154
132 154
64 33546
227 12
227 12
227 12
227 12
227 12
227 12
227 12
227 12
227 12
227 12
227 12
227 12
227 12
227 12
227 12
227 12
227 12
227 12
227 12
227 12
227 12
227 12
227 12
227 12
227 12
227 12
227 12
227 12
227 12
227 12
227 12
227 12
227 12
227 12
227 12
227 12
227 12
227 12
227 12
227 12
227 12
227 12
227 12
227 12
227 12
227 12
227 12
227 12
227 12
227 12
227 12
227 12
227 12
227 12
227 12
227 12
227 12
227 12
227 12
227 12
227 12
227 12
227 12
227 12
63 39718
179 68
179 68
179 68
179 68
179 68
179 68
179 68
179 68
179 68
179 68
179 68
179 68
179 68
179 68
179 68
179 68
179 68
179 68
179 68
179 68
179 68
179 68
179 68
179 68
179 68
179 68
179 68
179 68
179 68
179 68
179 68
179 68
179 68
179 68
179 68
179 68
179 68
179 68
179 68
179 68
179 68
179 68
179 68
179 68
179 68
179 68
179 68
179 68
179 68
179 68
179 68
179 68
179 68
179 68
179 68
179 68
179 68
179 68
179 68
179 68
179 68
179 68
179 68
100 86200
230 201
230 201
230 201
230 201
230 201
230 201
230 201
230 201
230 201
230 201
230 201
230 201
230 201
230 201
230 201
230 201
230 201
230 201
230 201
230 201
230 201
230 201
230 201
230 201
230 201
230 201
230 201
230 201
230 201
230 201
230 201
230 201
230 201
230 201
230 201
230 201
230 201
230 201
230 201
230 201
230 201
230 201
230 201
230 201
230 201
230 201
230 201
230 201
230 201
230 201
230 201
230 201
230 201
230 201
230 201
230 201
230 201
230 201
230 201
230 201
230 201
230 201
230 201
230 201
230 201
230 201
230 201
230 201
230 201
230 201
230 201
230 201
230 201
230 201
230 201
230 201
230 201
230 201
230 201
230 201
230 201
230 201
230 201
230 201
230 201
230 201
230 201
230 201
230 201
230 201
230 201
230 201
230 201
230 201
230 201
230 201
230 201
230 201
230 201
230 201
66 39278
121 173
121 173
121 173
121 173
121 173
121 173
121 173
121 173
121 173
121 173
121 173
121 173
121 173
121 173
121 173
121 173
121 173
121 173
121 173
121 173
121 173
121 173
121 173
121 173
121 173
121 173
121 173
121 173
121 173
121 173
121 173
121 173
121 173
121 173
121 173
121 173
121 173
121 173
121 173
121 173
121 173
121 173
121 173
121 173
121 173
121 173
121 173
121 173
121 173
121 173
121 173
121 173
121 173
121 173
121 173
121 173
121 173
121 173
121 173
121 173
121 173
121 173
121 173
121 173
121 173
121 173
41 36115
50 162
50 162
50 162
50 162
50 162
50 162
50 162
50 162
50 162
50 162
50 162
50 162
50 162
50 162
50 162
50 162
50 162
50 162
50 162
50 162
50 162
50 162
50 162
50 162
50 162
50 162
50 162
50 162
50 162
50 162
50 162
50 162
50 162
50 162
50 162
50 162
50 162
50 162
50 162
50 162
50 162
27 36820
22 127
22 127
22 127
22 127
22 127
22 127
22 127
22 127
22 127
22 127
22 127
22 127
22 127
22 127
22 127
22 127
22 127
22 127
22 127
22 127
22 127
22 127
22 127
22 127
22 127
22 127
22 127
31 23248
11 127
11 127
11 127
11 127
11 127
11 127
11 127
11 127
11 127
11 127
11 127
11 127
11 127
11 127
11 127
11 127
11 127
11 127
11 127
11 127
11 127
11 127
11 127
11 127
11 127
11 127
11 127
11 127
11 127
11 127
11 127
26 32959
11 49
11 49
11 49
11 49
11 49
11 49
11 49
11 49
11 49
11 49
11 49
11 49
11 49
11 49
11 49
11 49
11 49
11 49
11 49
11 49
11 49
11 49
11 49
11 49
11 49
11 49
95 70870
235 138
235 138
235 138
235 138
235 138
235 138
235 138
235 138
235 138
235 138
235 138
235 138
235 138
235 138
235 138
235 138
235 138
235 138
235 138
235 138
235 138
235 138
235 138
235 138
235 138
235 138
235 138
235 138
235 138
235 138
235 138
235 138
235 138
235 138
235 138
235 138
235 138
235 138
235 138
235 138
235 138
235 138
235 138
235 138
235 138
235 138
235 138
235 138
235 138
235 138
235 138
235 138
235 138
235 138
235 138
235 138
235 138
235 138
235 138
235 138
235 138
235 138
235 138
235 138
235 138
235 138
235 138
235 138
235 138
235 138
235 138
235 138
235 138
235 138
235 138
235 138
235 138
235 138
235 138
235 138
235 138
235 138
235 138
235 138
235 138
235 138
235 138
235 138
235 138
235 138
235 138
235 138
235 138
235 138
235 138
