10
53 36257
216 126
216 126
216 126
216 126
216 126
216 126
216 126
216 126
216 126
216 126
216 126
216 126
216 126
216 126
216 126
216 126
216 126
216 126
216 126
216 126
216 126
216 126
216 126
216 126
216 126
216 126
216 126
216 126
216 126
216 126
216 126
216 126
216 126
216 126
216 126
216 126
216 126
216 126
216 126
216 126
216 126
216 126
216 126
216 126
216 126
216 126
216 126
216 126
216 126
216 126
216 126
216 126
216 126
28 39227
187 3
187 3
187 3
187 3
187 3
187 3
187 3
187 3
187 3
187 3
187 3
187 3
187 3
187 3
187 3
187 3
187 3
187 3
187 3
187 3
187 3
187 3
187 3
187 3
187 3
187 3
187 3
187 3
7 20164
104 7
104 7
104 7
104 7
104 7
104 7
104 7
16 31812
200 86
200 86
200 86
200 86
200 86
200 86
200 86
200 86
200 86
200 86
200 86
200 86
200 86
200 86
200 86
200 86
85 39966
222 6
222 6
222 6
222 6
222 6
222 6
222 6
222 6
222 6
222 6
222 6
222 6
222 6
222 6
222 6
222 6
222 6
222 6
222 6
222 6
222 6
222 6
222 6
222 6
222 6
222 6
222 6
222 6
222 6
222 6
222 6
222 6
222 6
222 6
222 6
222 6
222 6
222 6
222 6
222 6
222 6
222 6
222 6
222 6
222 6
222 6
222 6
222 6
222 6
222 6
222 6
222 6
222 6
222 6
222 6
222 6
222 6
222 6
222 6
222 6
222 6
222 6
222 6
222 6
222 6
222 6
222 6
222 6
222 6
222 6
222 6
222 6
222 6
222 6
222 6
222 6
222 6
222 6
222 6
222 6
222 6
222 6
222 6
222 6
222 6
23 30883
114 229
114 229
114 229
114 229
114 229
114 229
114 229
114 229
114 229
114 229
114 229
114 229
114 229
114 229
114 229
114 229
114 229
114 229
114 229
114 229
114 229
114 229
114 229
100 39023
140 30
140 30
140 30
140 30
140 30
140 30
140 30
140 30
140 30
140 30
140 30
140 30
140 30
140 30
140 30
140 30
140 30
140 30
140 30
140 30
140 30
140 30
140 30
140 30
140 30
140 30
140 30
140 30
140 30
140 30
140 30
140 30
140 30
140 30
140 30
140 30
140 30
140 30
140 30
140 30
140 30
140 30
140 30
140 30
140 30
140 30
140 30
140 30
140 30
140 30
140 30
140 30
140 30
140 30
140 30
140 30
140 30
140 30
140 30
140 30
140 30
140 30
140 30
140 30
140 30
140 30
140 30
140 30
140 30
140 30
140 30
140 30
140 30
140 30
140 30
140 30
140 30
140 30
140 30
140 30
140 30
140 30
140 30
140 30
140 30
140 30
140 30
140 30
140 30
140 30
140 30
140 30
140 30
140 30
140 30
140 30
140 30
140 30
140 30
140 30
43 33151
199 64
199 64
199 64
199 64
199 64
199 64
199 64
199 64
199 64
199 64
199 64
199 64
199 64
199 64
199 64
199 64
199 64
199 64
199 64
199 64
199 64
199 64
199 64
199 64
199 64
199 64
199 64
199 64
199 64
199 64
199 64
199 64
199 64
199 64
199 64
199 64
199 64
199 64
199 64
199 64
199 64
199 64
199 64
19 17533
63 73
63 73
63 73
63 73
63 73
63 73
63 73
63 73
63 73
63 73
63 73
63 73
63 73
63 73
63 73
63 73
63 73
63 73
63 73
90 39617
103 29
103 29
103 29
103 29
103 29
103 29
103 29
103 29
103 29
103 29
103 29
103 29
103 29
103 29
103 29
103 29
103 29
103 29
103 29
103 29
103 29
103 29
103 29
103 29
103 29
103 29
103 29
103 29
103 29
103 29
103 29
103 29
103 29
103 29
103 29
103 29
103 29
103 29
103 29
103 29
103 29
103 29
103 29
103 29
103 29
103 29
103 29
103 29
103 29
103 29
103 29
103 29
103 29
103 29
103 29
103 29
103 29
103 29
103 29
103 29
103 29
103 29
103 29
103 29
103 29
103 29
103 29
103 29
103 29
103 29
103 29
103 29
103 29
103 29
103 29
103 29
103 29
103 29
103 29
103 29
103 29
103 29
103 29
103 29
103 29
103 29
103 29
103 29
103 29
103 29
